[ 0  1  2  3  4  5  6  7 10 12 13 14 15 16 17 32 33]
[1 2 3 4 5] 一阶要聚合的点
[ 0  1  2  3  4  5  6  7  8  9 10 11 12 13 14 15 16] 二阶要聚合的点
[0]
[0 1 2 3 4 5]
[[0.2 0.2 0.2 0.2 0.2]] # 这是第二行在01.txt 的下标
[[0.  0.2 0.2 0.2 0.2 0.2 0.  0.  0.  0.  0.  0.  0.  0.  0.  0.  0. ]
 [0.2 0.  0.2 0.  0.  0.  0.  0.2 0.  0.  0.  0.  0.  0.2 0.  0.2 0. ]
 [0.2 0.2 0.  0.  0.  0.  0.  0.  0.2 0.  0.  0.  0.  0.  0.2 0.  0.2]
 [0.2 0.  0.  0.  0.  0.  0.2 0.  0.2 0.  0.  0.2 0.  0.  0.  0.  0.2]
 [0.2 0.  0.  0.  0.  0.  0.  0.  0.2 0.  0.2 0.  0.2 0.  0.2 0.  0. ]
 [0.2 0.  0.  0.  0.  0.  0.2 0.2 0.2 0.2 0.  0.  0.  0.  0.  0.  0. ]]

 第一个参数矩阵是一阶要聚合的点（第二行）的权重参数
 第二个参数矩阵是二阶要聚合的点（第三行）的权重参数

 第三行是第二个参数矩阵的标点，说明聚合到第五行的点
 例如，
 第二个参数矩阵第一行是1,2,3,4,5有值，说明聚合到