[ 0  1  2  3  4  5  6  7  8  9 10 12 14 15 16 17 18 20 32 33]
[0 2 3 4 5]
[ 0  1  2  3  4  5  6  7  8  9 10 11 12 13 14 15 16 17 18 19]
[1]
[ 0  1  2  7 14 18]
[[0.2 0.2 0.2 0.2 0.2]] # 这是第二行在01.txt 的下标
[[0.  0.2 0.2 0.2 0.2 0.2 0.  0.  0.  0.  0.  0.  0.  0.  0.  0.  0.  0.
  0.  0. ]
 [0.2 0.  0.2 0.  0.  0.  0.  0.2 0.  0.  0.  0.  0.  0.  0.2 0.  0.  0.
  0.2 0. ]
 [0.2 0.2 0.  0.  0.  0.  0.  0.  0.  0.  0.2 0.  0.  0.  0.  0.2 0.  0.
  0.  0.2]
 [0.  0.2 0.  0.  0.  0.2 0.2 0.  0.2 0.2 0.  0.  0.  0.  0.  0.  0.  0.
  0.  0. ]
 [0.  0.2 0.  0.  0.  0.  0.  0.2 0.  0.  0.  0.2 0.  0.  0.  0.2 0.2 0.
  0.  0. ]
 [0.  0.2 0.  0.  0.  0.  0.  0.  0.  0.  0.  0.2 0.2 0.2 0.  0.  0.  0.2
  0.  0. ]]